name: paleofinder
channels:
  - bioconda
  - conda-forge
dependencies:
  - _libgcc_mutex=0.1=conda_forge
  - _openmp_mutex=4.5=2_gnu
  - blast=2.16.0=hc155240_2
  - bzip2=1.0.8=h4bc722e_7
  - c-ares=1.34.1=heb4867d_0
  - ca-certificates=2024.8.30=hbcca054_0
  - curl=8.8.0=he654da7_1
  - diamond=2.1.8=h43eeafb_0
  - emboss=6.6.0=h008e53c_10
  - entrez-direct=22.4=he881be0_0
  - expat=2.6.3=h5888daf_0
  - fasta3=36.3.8=hec16e2b_7
  - font-ttf-dejavu-sans-mono=2.37=hab24e00_0
  - font-ttf-inconsolata=3.000=h77eed37_0
  - font-ttf-source-code-pro=2.038=h77eed37_0
  - font-ttf-ubuntu=0.83=h77eed37_3
  - fontconfig=2.14.2=h14ed4e7_0
  - fonts-conda-ecosystem=1=0
  - fonts-conda-forge=1=0
  - freetype=2.12.1=h267a509_2
  - gettext=0.22.5=he02047a_3
  - gettext-tools=0.22.5=he02047a_3
  - giflib=5.2.2=hd590300_0
  - icu=73.2=h59595ed_0
  - keyutils=1.6.1=h166bdaf_0
  - krb5=1.21.3=h659f571_0
  - ld_impl_linux-64=2.43=h712a8e2_1
  - lerc=4.0.0=h27087fc_0
  - libasprintf=0.22.5=he8f35ee_3
  - libasprintf-devel=0.22.5=he8f35ee_3
  - libcurl=8.8.0=hca28451_1
  - libdeflate=1.20=hd590300_0
  - libedit=3.1.20191231=he28a2e2_2
  - libev=4.33=hd590300_2
  - libexpat=2.6.3=h5888daf_0
  - libffi=3.4.2=h7f98852_5
  - libgcc=14.1.0=h77fa898_1
  - libgcc-ng=14.1.0=h69a702a_1
  - libgd=2.3.3=h119a65a_9
  - libgettextpo=0.22.5=he02047a_3
  - libgettextpo-devel=0.22.5=he02047a_3
  - libgomp=14.1.0=h77fa898_1
  - libharu=2.4.4=h267a509_0
  - libidn2=2.3.7=hd590300_0
  - libjpeg-turbo=3.0.0=hd590300_1
  - libnghttp2=1.58.0=h47da74e_1
  - libnsl=2.0.1=hd590300_0
  - libpng=1.6.43=h2797004_0
  - libsqlite=3.46.0=hde9e2c9_0
  - libssh2=1.11.0=h0841786_0
  - libstdcxx=14.1.0=hc0a3c3a_1
  - libstdcxx-ng=14.1.0=h4852527_1
  - libtiff=4.6.0=h1dd3fc0_3
  - libunistring=0.9.10=h7f98852_0
  - libuuid=2.38.1=h0b41bf4_0
  - libwebp=1.4.0=h2c329e2_0
  - libwebp-base=1.4.0=hd590300_0
  - libxcrypt=4.4.36=hd590300_1
  - libzlib=1.2.13=h4ab18f5_6
  - ncbi-vdb=3.1.1=h4ac6f70_2
  - ncurses=6.5=he02047a_1
  - openssl=3.3.2=hb9d3cd8_0
  - pcre=8.45=h9c3ff4c_0
  - perl=5.32.1=7_hd590300_perl5
  - perl-archive-tar=2.40=pl5321hdfd78af_0
  - perl-carp=1.50=pl5321hd8ed1ab_0
  - perl-common-sense=3.75=pl5321hd8ed1ab_0
  - perl-compress-raw-bzip2=2.201=pl5321h166bdaf_0
  - perl-compress-raw-zlib=2.202=pl5321h166bdaf_0
  - perl-encode=3.21=pl5321hb9d3cd8_1
  - perl-exporter=5.74=pl5321hd8ed1ab_0
  - perl-exporter-tiny=1.002002=pl5321hd8ed1ab_0
  - perl-extutils-makemaker=7.70=pl5321hd8ed1ab_0
  - perl-io-compress=2.201=pl5321hdbdd923_2
  - perl-io-zlib=1.14=pl5321hdfd78af_0
  - perl-json=4.10=pl5321hdfd78af_1
  - perl-json-xs=4.03=pl5321h4ac6f70_3
  - perl-list-moreutils=0.430=pl5321hdfd78af_0
  - perl-list-moreutils-xs=0.430=pl5321h031d066_2
  - perl-parent=0.241=pl5321hd8ed1ab_0
  - perl-pathtools=3.75=pl5321h166bdaf_0
  - perl-scalar-list-utils=1.63=pl5321h166bdaf_0
  - perl-storable=3.15=pl5321hb9d3cd8_0
  - perl-types-serialiser=1.01=pl5321hdfd78af_0
  - pip=24.2=pyh8b19718_1
  - python=3.12.3=hab00c5b_0_cpython
  - python_abi=3.12=5_cp312
  - readline=8.2=h8228510_1
  - rpsbproc=0.5.0=h6a68c12_0
  - setuptools=75.1.0=pyhd8ed1ab_0
  - tk=8.6.13=noxft_h4845f30_101
  - wget=1.21.4=hda4d442_0
  - wheel=0.44.0=pyhd8ed1ab_0
  - xz=5.2.6=h166bdaf_0
  - zlib=1.2.13=h4ab18f5_6
  - zstd=1.5.6=ha6fb4c9_0
  - pip:
      - biopython==1.84
      - docopt==0.6.2
      - numpy==2.1.1
      - pandas==2.2.3
      - python-dateutil==2.9.0.post0
      - pytz==2024.2
      - six==1.16.0
      - taxopy==0.13.0
      - tzdata==2024.2
prefix: /home/etode/miniforge3/envs/paleofinder
